Matrice creata: 
[[97 11 72 95]
 [37 12 18 65]]
Matrice creata: 
[[ 82  99  59  45]
 [ 16  49   6  35]
 [ 34  19 100  38]]
matrice trasposta: 
[[ 82  16  34]
 [ 99  49  19]
 [ 59   6 100]
 [ 45  35  38]]
